10
10
0.562922 -0.216955 -0.683710 0.425911 -0.670366 -0.015059 0.958464 -0.385232 -0.933442 0.175466 -0.722246 
-0.908299 -0.327528 2.074754 1.131903 -0.117336 -1.147884 1.778802 0.707973 -1.623242 -0.735162 -0.775744 
-1.054820 -1.560248 0.297731 -1.481892 0.026794 0.867887 0.270313 -0.184232 -0.332392 -0.701819 0.119110 
1.168510 -0.418225 0.731623 -0.253580 -0.366094 0.667692 -0.184365 0.197532 0.252121 -2.121597 -0.093025 
5.120037 0.693697 1.028950 0.976034 -0.602104 -0.642263 0.140274 -1.219196 -0.262773 -0.732580 1.614003 
-1.159920 -1.182768 0.822512 -0.081613 -0.033100 0.158758 -0.326779 -1.072259 -1.199363 0.667330 -1.065591 
2.097597 0.481393 -1.786324 0.400212 0.112247 -1.478807 -0.350898 0.338878 0.595512 1.907150 0.818217 
1.798332 -0.348344 0.343981 0.598925 0.957897 -1.085097 -1.577435 0.635697 0.972742 -0.491730 -0.174369 
-4.866087 -0.243346 -0.978796 -2.643072 -2.138885 -1.617871 -0.110295 1.200103 -0.332137 1.835263 -2.109449 
1.535340 0.407440 0.399126 0.692100 -0.101563 0.888323 -0.451389 1.032865 -0.537709 -1.155971 -1.682322 